0,310
0,305
0,308
0,307
0,302
0,304
0,303
0,12
0,10
0,8
0,0
0,554
0,416
0,300
0,420
0,413
0,299
0,564
0,455
0,298
0,552
0,412
0,297
0,512
0,411
0,296
0,417
0,410
0,295
0,547
0,530
0,294
0,415
0,409
0,293
0,529
0,484
0,292
0,351
0,550
0,291
0,469
0,405
0,290
0,560
0,452
0,289
0,549
0,468
0,288
0,414
0,404
0,287
0,568
0,403
0,286
0,375
0,402
0,285
0,528
0,567
0,284
0,527
0,574
0,283
0,526
0,400
0,282
0,398
0,558
0,281
0,525
0,551
0,280
0,382
0,394
0,279
0,393
0,566
0,278
0,391
0,350
0,277
0,565
0,388
0,276
0,559
0,563
0,275
0,344
0,387
0,274
0,330
0,386
0,273
0,555
0,385
0,272
0,483
0,463
0,271
0,345
0,384
0,270
0,546
0,524
0,269
0,544
0,543
0,268
0,376
0,381
0,267
0,523
0,318
0,266
0,562
0,465
0,265
0,548
0,380
0,264
0,379
0,263
0,329
0,378
0,262
0,476
0,537
0,261
0,497
0,377
0,260
0,522
0,259
0,474
0,471
0,258
0,444
0,374
0,257
0,521
0,256
0,542
0,456
0,255
0,470
0,373
0,254
0,539
0,372
0,253
0,369
0,371
0,252
0,557
0,407
0,251
0,461
0,370
0,250
0,467
0,401
0,249
0,519
0,248
0,383
0,367
0,247
0,541
0,436
0,246
0,516
0,496
0,245
0,368
0,366
0,244
0,490
0,365
0,242
0,361
0,364
0,399
0,408
0,422
0,440
0,441
3535,1
0,458
3535,5
1,0
1,3
0,478
0,479
0,482
0,492
0,494
0,502
0,511
0,513
0,556
3,0
3,3
3535,4
3536,0
3536,3
3541,0
3541,3
3542,1
3542,3
3544,0
3544,1
3544,4
3546,0
3546,3
3549,0
3549,1
3552,0
3552,1
3554,0
3554,3
3555,0
3555,3
3556,0
3556,3
3554,4
3552,4
3552,6
3552,5
3536,2
3556,1
3555,1
3554,1
3552,3
3549,3
3546,4
3546,1
3544,3
3542,4
3542,0
3541,1
3536,1
3535,2
3,1
0,520
0,503
0,493
0,487
1,1
0,477
0,472
0,447
3535,3
3535,0
2,1
2,3
0,322
0,243
2,0
0,9
0,241
0,488
0,363
0,240
0,515
0,462
0,239
0,536
0,362
0,238
0,460
0,433
0,237
0,540
0,236
0,360
0,359
0,235
0,538
0,234
0,334
0,459
0,233
0,535
0,358
0,232
0,432
0,357
0,231
0,333
0,356
0,230
0,429
0,355
0,229
0,534
0,354
0,228
0,396
0,353
0,227
0,510
0,573
0,226
0,572
0,352
0,225
0,454
0,451
0,224
0,509
0,449
0,223
0,349
0,222
0,457
0,453
0,221
0,508
0,445
0,220
0,348
0,219
0,495
0,347
0,218
0,346
0,217
0,507
0,448
0,216
0,450
0,501
0,215
0,423
0,343
0,214
0,518
0,342
0,213
0,397
0,341
0,212
0,421
0,340
0,211
0,486
0,339
0,210
0,419
0,338
0,209
0,506
0,337
0,208
0,336
0,207
0,446
0,485
0,206
0,418
0,335
0,205
0,443
0,204
0,442
0,500
0,203
0,545
0,332
0,202
0,491
0,439
0,201
0,533
0,389
0,200
0,406
0,331
0,199
0,438
0,480
0,198
0,437
0,571
0,197
0,569
0,328
0,196
0,561
0,435
0,195
0,532
0,395
0,194
0,475
0,327
0,193
0,392
0,326
0,192
0,464
0,325
0,63
0,570
0,324
0,62
0,434
0,323
0,61
0,517
0,321
0,60
0,390
0,427
0,59
0,481
0,320
0,58
0,426
0,505
0,57
0,425
0,514
0,56
0,431
0,317
0,55
0,531
0,499
0,54
0,466
0,424
0,53
0,430
0,316
0,52
0,498
0,315
0,51
0,575
0,314
0,50
0,504
0,313
0,49
0,473
0,312
0,48
0,553
0,311
0,47
0,428
0,309
0,46
0,489
0,306
0,45
0,319
0,301
0,6
0,5
0,1
0,11
0,4
0,2
0,3
0,7
